1008 567
3
20
0.8
0.5
3
0.2
153 0 76
10 0 -15
0 0 1
-1 0 2
0 0 15
0 -1 -1
0 1 -1
6 -5 0 0 100 100 100
0.5 0.75 0 3.2 235 220 178
0.5 0.75 -1.2 2.6 235 220 178
0.5 0.75 1.2 2.6 235 220 178
0.5 0.75 2.4 1.6 0 69 122
0.5 0.75 -2.4 1.6 0 69 122
0.5 1 0 1.6 235 220 178
0.5 1 1.2 0.8 0 69 122
0.5 1 -1.2 0.8 0 69 122
0.5 1 0 0 49 36 184 
0.5 1 2.4 0 173 96 144 
0.5 1 -2.4 0 18 1 53
0.5 1 1.2 -0.8 49 36 184
0.5 1 -1.2 -0.8 49 36 184
0.5 1 2.4 -1.6 173 96 144
0.5 1 -2.4 -1.6 18 1 53 
0.5 1 0 -1.6 49 36 184
0.5 1 0 -3.2 201 211 206 
0.5 1 1.2 -2.6 173 96 144
0.5 1 -1.2 -2.6 18 1 53
